1 5.41304
2 4.83293
3 4.61669
4 4.509
5 4.44322
6 4.39776
7 4.36443
8 4.33948
9 4.32076
10 4.30682
11 4.29657
12 4.28914
13 4.28384
14 4.28014
15 4.27759
16 4.27589
17 4.27479
18 4.27411
19 4.27372
20 4.27354
21 4.27348
22 4.27351
23 4.27359
24 4.2737
25 4.27383
26 4.27395
27 4.27408
28 4.2742
29 4.2743
30 4.2744
31 4.27449
32 4.27457
33 4.27464
34 4.2747
35 4.27476
36 4.2748
37 4.27484
38 4.27488
39 4.27491
40 4.27493
41 4.27496
42 4.27498
43 4.27499
44 4.27501
45 4.27502
46 4.27503
47 4.27504
48 4.27505
49 4.27505
50 4.27506
51 4.27506
52 4.27507
53 4.27507
54 4.27507
55 4.27508
56 4.27508
57 4.27508
58 4.27508
59 4.27508
60 4.27508
61 4.27509
62 4.27509
63 4.27509
64 4.27509
65 4.27509
66 4.27509
67 4.27509
68 4.27509
69 4.27509
70 4.27509
71 4.27509
72 4.27509
73 4.27509
74 4.27509
75 4.27509
76 4.27509
77 4.27509
78 4.27509
79 4.27509
80 4.27509
81 4.27509
