1 807.687
2 668.292
3 584.825
4 527.32
5 484.654
6 451.393
7 424.505
8 402.166
9 383.204
10 366.832
11 352.5
12 339.807
13 328.458
14 318.226
15 308.936
16 300.449
17 292.653
18 285.457
19 278.787
20 272.58
21 266.785
22 261.357
23 256.257
24 251.454
25 246.919
26 242.629
27 238.56
28 234.695
29 231.017
30 227.511
31 224.164
32 220.964
33 217.9
34 214.963
35 212.144
36 209.436
37 206.83
38 204.322
39 201.904
40 199.572
41 197.32
42 195.144
43 193.039
44 191.002
45 189.029
46 187.117
47 185.263
48 183.464
49 181.716
50 180.018
51 178.368
52 176.762
53 175.2
54 173.679
55 172.197
56 170.753
57 169.345
58 167.971
59 166.63
60 165.322
61 164.044
62 162.795
63 161.575
64 160.382
65 159.215
66 158.073
67 156.955
68 155.861
69 154.79
70 153.741
71 152.713
72 151.705
73 150.717
74 149.748
75 148.797
76 147.865
77 146.95
78 146.052
79 145.17
80 144.304
81 143.453
82 142.617
83 141.796
84 140.989
85 140.195
86 139.415
87 138.647
88 137.893
89 137.15
90 136.42
91 135.701
92 134.993
93 134.297
94 133.611
95 132.936
96 132.271
97 131.615
98 130.97
99 130.334
100 129.708
101 129.09
102 128.482
103 127.882
104 127.29
105 126.707
106 126.132
107 125.565
108 125.005
109 124.453
110 123.909
111 123.372
112 122.842
113 122.319
114 121.802
115 121.293
116 120.79
117 120.293
118 119.803
119 119.319
120 118.841
121 118.369
122 117.903
123 117.443
124 116.988
125 116.538
126 116.095
127 115.656
128 115.223
129 114.795
130 114.372
131 113.954
132 113.54
133 113.132
134 112.728
135 112.329
136 111.935
137 111.545
138 111.159
139 110.778
140 110.401
141 110.029
142 109.66
143 109.296
144 108.935
145 108.579
146 108.226
147 107.878
148 107.533
149 107.192
150 106.854
151 106.52
152 106.19
153 105.863
154 105.54
155 105.22
156 104.903
157 104.59
158 104.28
159 103.973
160 103.67
161 103.37
162 103.072
163 102.778
164 102.487
165 102.199
166 101.914
167 101.631
168 101.352
169 101.075
170 100.801
171 100.53
172 100.262
173 99.996
174 99.733
175 99.4726
176 99.2148
177 98.9595
178 98.7068
179 98.4565
180 98.2088
181 97.9634
182 97.7205
183 97.4799
184 97.2417
185 97.0059
186 96.7723
187 96.541
188 96.3119
189 96.085
190 95.8604
191 95.6378
192 95.4175
193 95.1992
194 94.9831
195 94.769
196 94.5569
197 94.3469
198 94.1389
199 93.9328
200 93.7288
201 93.5266
202 93.3264
203 93.128
204 92.9315
205 92.7369
206 92.5441
207 92.3531
208 92.1639
209 91.9765
210 91.7908
211 91.6069
212 91.4247
213 91.2442
214 91.0653
215 90.8882
216 90.7126
217 90.5387
218 90.3665
219 90.1958
220 90.0267
221 89.8591
222 89.6931
223 89.5286
224 89.3657
225 89.2042
226 89.0442
227 88.8857
228 88.7287
229 88.5731
230 88.4189
231 88.2661
232 88.1147
233 87.9647
234 87.8161
235 87.6688
236 87.5229
237 87.3783
238 87.235
239 87.093
240 86.9523
241 86.8129
242 86.6748
243 86.5379
244 86.4022
245 86.2678
246 86.1346
247 86.0026
248 85.8717
249 85.7421
250 85.6136
251 85.4863
252 85.3601
253 85.2351
254 85.1112
255 84.9884
256 84.8667
257 84.7461
258 84.6266
259 84.5082
260 84.3908
261 84.2745
262 84.1592
263 84.045
264 83.9317
265 83.8195
266 83.7083
267 83.5981
268 83.4889
269 83.3806
270 83.2733
271 83.167
272 83.0616
273 82.9572
274 82.8536
275 82.7511
276 82.6494
277 82.5486
278 82.4487
279 82.3497
280 82.2516
281 82.1544
282 82.058
283 81.9625
284 81.8678
285 81.774
286 81.681
287 81.5888
288 81.4974
289 81.4069
290 81.3171
291 81.2282
292 81.14
293 81.0526
294 80.966
295 80.8802
296 80.7951
297 80.7108
298 80.6272
299 80.5443
300 80.4622
301 80.3808
302 80.3001
303 80.2202
304 80.1409
305 80.0623
306 79.9845
307 79.9073
308 79.8308
309 79.755
310 79.6798
311 79.6053
312 79.5315
313 79.4583
314 79.3857
315 79.3138
316 79.2425
317 79.1719
318 79.1019
319 79.0324
320 78.9636
321 78.8954
322 78.8278
323 78.7608
324 78.6944
325 78.6286
326 78.5633
327 78.4987
328 78.4345
329 78.371
330 78.308
331 78.2455
332 78.1837
333 78.1223
334 78.0615
335 78.0012
336 77.9415
337 77.8822
338 77.8235
339 77.7653
340 77.7076
341 77.6505
342 77.5938
343 77.5376
344 77.4819
345 77.4267
346 77.372
347 77.3177
348 77.264
349 77.2107
350 77.1578
351 77.1055
352 77.0536
353 77.0021
354 76.9511
355 76.9005
356 76.8504
357 76.8007
358 76.7515
359 76.7027
360 76.6543
361 76.6063
362 76.5588
363 76.5116
364 76.4649
365 76.4186
366 76.3727
367 76.3272
368 76.2821
369 76.2373
370 76.193
371 76.1491
372 76.1055
373 76.0623
374 76.0195
375 75.9771
376 75.9351
377 75.8934
378 75.8521
379 75.8111
380 75.7705
381 75.7302
382 75.6903
383 75.6508
384 75.6116
385 75.5727
386 75.5342
387 75.496
388 75.4581
389 75.4206
390 75.3834
391 75.3465
392 75.3099
393 75.2737
394 75.2378
395 75.2022
396 75.1669
397 75.1319
398 75.0972
399 75.0628
400 75.0287
401 74.9949
402 74.9614
403 74.9282
404 74.8953
405 74.8627
406 74.8304
407 74.7983
408 74.7665
409 74.735
410 74.7038
411 74.6728
412 74.6421
413 74.6117
414 74.5816
415 74.5517
416 74.522
417 74.4926
418 74.4635
419 74.4347
420 74.406
421 74.3777
422 74.3495
423 74.3217
424 74.294
425 74.2666
426 74.2395
427 74.2126
428 74.1859
429 74.1594
430 74.1332
431 74.1072
432 74.0814
433 74.0559
434 74.0306
435 74.0055
436 73.9806
437 73.9559
438 73.9315
439 73.9072
440 73.8832
441 73.8594
442 73.8358
443 73.8124
444 73.7892
445 73.7662
446 73.7434
447 73.7208
448 73.6984
449 73.6761
450 73.6541
451 73.6323
452 73.6107
453 73.5892
454 73.5679
455 73.5469
456 73.526
457 73.5053
458 73.4847
459 73.4644
460 73.4442
461 73.4242
462 73.4044
463 73.3847
464 73.3652
465 73.3459
466 73.3267
467 73.3078
468 73.2889
469 73.2703
470 73.2518
471 73.2335
472 73.2153
473 73.1973
474 73.1794
475 73.1617
476 73.1442
477 73.1268
478 73.1095
479 73.0924
480 73.0755
481 73.0587
482 73.042
483 73.0255
484 73.0092
485 72.9929
486 72.9769
487 72.9609
488 72.9451
489 72.9295
490 72.9139
491 72.8985
492 72.8833
493 72.8681
494 72.8531
495 72.8383
496 72.8235
497 72.8089
498 72.7944
499 72.7801
500 72.7659
501 72.7517
502 72.7378
503 72.7239
504 72.7102
505 72.6965
506 72.683
507 72.6696
508 72.6564
509 72.6432
510 72.6302
511 72.6172
512 72.6044
513 72.5917
514 72.5791
515 72.5666
516 72.5543
517 72.542
518 72.5298
519 72.5178
520 72.5058
521 72.494
522 72.4822
523 72.4706
524 72.459
525 72.4476
526 72.4362
527 72.425
528 72.4138
529 72.4028
530 72.3918
531 72.381
532 72.3702
533 72.3596
534 72.349
535 72.3385
536 72.3281
537 72.3178
538 72.3076
539 72.2974
540 72.2874
541 72.2775
542 72.2676
543 72.2578
544 72.2481
545 72.2385
546 72.229
547 72.2195
548 72.2102
549 72.2009
550 72.1917
551 72.1826
552 72.1735
553 72.1646
554 72.1557
555 72.1469
556 72.1381
557 72.1295
558 72.1209
559 72.1124
560 72.104
561 72.0956
562 72.0873
563 72.0791
564 72.071
565 72.0629
566 72.0549
567 72.047
568 72.0391
569 72.0313
570 72.0236
571 72.0159
572 72.0083
573 72.0008
574 71.9934
575 71.986
576 71.9786
577 71.9714
578 71.9642
579 71.957
580 71.9499
581 71.9429
582 71.936
583 71.9291
584 71.9222
585 71.9154
586 71.9087
587 71.9021
588 71.8955
589 71.8889
590 71.8824
591 71.876
592 71.8696
593 71.8633
594 71.857
595 71.8508
596 71.8447
597 71.8386
598 71.8325
599 71.8265
600 71.8206
601 71.8147
602 71.8088
603 71.803
604 71.7973
605 71.7916
606 71.786
607 71.7804
608 71.7748
609 71.7693
610 71.7639
611 71.7585
612 71.7531
613 71.7478
614 71.7426
615 71.7373
616 71.7322
617 71.727
618 71.722
619 71.7169
620 71.7119
621 71.707
622 71.7021
623 71.6972
624 71.6924
625 71.6876
626 71.6829
627 71.6782
628 71.6735
629 71.6689
630 71.6643
631 71.6598
632 71.6553
633 71.6508
634 71.6464
635 71.642
636 71.6377
637 71.6334
638 71.6291
639 71.6249
640 71.6207
641 71.6165
642 71.6124
643 71.6083
644 71.6043
645 71.6003
646 71.5963
647 71.5924
648 71.5884
649 71.5846
650 71.5807
651 71.5769
652 71.5731
653 71.5694
654 71.5657
655 71.562
656 71.5584
657 71.5548
658 71.5512
659 71.5476
660 71.5441
661 71.5406
662 71.5372
663 71.5337
664 71.5303
665 71.527
666 71.5236
667 71.5203
668 71.517
669 71.5138
670 71.5105
671 71.5073
672 71.5042
673 71.501
674 71.4979
675 71.4948
676 71.4918
677 71.4887
678 71.4857
679 71.4827
680 71.4798
681 71.4769
682 71.474
683 71.4711
684 71.4682
685 71.4654
686 71.4626
687 71.4598
688 71.4571
689 71.4543
690 71.4516
691 71.4489
692 71.4463
693 71.4436
694 71.441
695 71.4384
696 71.4359
697 71.4333
698 71.4308
699 71.4283
700 71.4258
701 71.4233
702 71.4209
703 71.4185
704 71.4161
705 71.4137
706 71.4114
707 71.409
708 71.4067
709 71.4044
710 71.4021
711 71.3999
712 71.3977
713 71.3954
714 71.3933
715 71.3911
716 71.3889
717 71.3868
718 71.3847
719 71.3826
720 71.3805
721 71.3784
722 71.3764
723 71.3743
724 71.3723
725 71.3703
726 71.3684
727 71.3664
728 71.3645
729 71.3625
730 71.3606
731 71.3587
732 71.3569
733 71.355
734 71.3532
735 71.3513
736 71.3495
737 71.3477
738 71.3459
739 71.3442
740 71.3424
741 71.3407
742 71.339
743 71.3373
744 71.3356
745 71.3339
746 71.3323
747 71.3306
748 71.329
749 71.3274
750 71.3258
751 71.3242
752 71.3226
753 71.321
754 71.3195
755 71.318
756 71.3164
757 71.3149
758 71.3135
759 71.312
760 71.3105
761 71.309
762 71.3076
763 71.3062
764 71.3048
765 71.3034
766 71.302
767 71.3006
768 71.2992
769 71.2979
770 71.2965
771 71.2952
772 71.2939
773 71.2926
774 71.2913
775 71.29
776 71.2887
777 71.2874
778 71.2862
779 71.2849
780 71.2837
781 71.2825
782 71.2813
783 71.2801
784 71.2789
785 71.2777
786 71.2765
787 71.2754
788 71.2742
789 71.2731
790 71.272
791 71.2709
792 71.2698
793 71.2687
794 71.2676
795 71.2665
796 71.2654
797 71.2644
798 71.2633
799 71.2623
800 71.2612
801 71.2602
802 71.2592
803 71.2582
804 71.2572
805 71.2562
806 71.2552
807 71.2542
808 71.2533
809 71.2523
810 71.2514
811 71.2504
812 71.2495
813 71.2486
814 71.2477
815 71.2468
816 71.2459
817 71.245
818 71.2441
819 71.2432
820 71.2424
821 71.2415
822 71.2407
823 71.2398
824 71.239
825 71.2381
826 71.2373
827 71.2365
828 71.2357
829 71.2349
830 71.2341
831 71.2333
832 71.2325
833 71.2318
834 71.231
835 71.2302
836 71.2295
837 71.2287
838 71.228
839 71.2273
840 71.2265
841 71.2258
842 71.2251
843 71.2244
844 71.2237
845 71.223
846 71.2223
847 71.2216
848 71.221
849 71.2203
850 71.2196
851 71.219
852 71.2183
853 71.2177
854 71.217
855 71.2164
856 71.2158
857 71.2151
858 71.2145
859 71.2139
860 71.2133
861 71.2127
862 71.2121
863 71.2115
864 71.2109
865 71.2103
866 71.2097
867 71.2092
868 71.2086
869 71.208
870 71.2075
871 71.2069
872 71.2064
873 71.2058
874 71.2053
875 71.2048
876 71.2042
877 71.2037
878 71.2032
879 71.2027
880 71.2022
881 71.2017
882 71.2011
883 71.2007
884 71.2002
885 71.1997
886 71.1992
887 71.1987
888 71.1982
889 71.1978
890 71.1973
891 71.1968
892 71.1964
893 71.1959
894 71.1955
895 71.195
896 71.1946
897 71.1941
898 71.1937
899 71.1933
900 71.1928
901 71.1924
902 71.192
903 71.1916
904 71.1912
905 71.1907
906 71.1903
907 71.1899
908 71.1895
909 71.1891
910 71.1888
911 71.1884
912 71.188
913 71.1876
914 71.1872
915 71.1868
916 71.1865
917 71.1861
918 71.1857
919 71.1854
920 71.185
921 71.1847
922 71.1843
923 71.184
924 71.1836
925 71.1833
926 71.1829
927 71.1826
928 71.1823
929 71.1819
930 71.1816
931 71.1813
932 71.1809
933 71.1806
934 71.1803
935 71.18
936 71.1797
937 71.1794
938 71.1791
939 71.1788
940 71.1785
941 71.1782
942 71.1779
943 71.1776
944 71.1773
945 71.177
946 71.1767
947 71.1764
948 71.1762
949 71.1759
950 71.1756
951 71.1753
952 71.1751
953 71.1748
954 71.1745
955 71.1743
956 71.174
957 71.1737
958 71.1735
959 71.1732
960 71.173
961 71.1727
962 71.1725
963 71.1722
964 71.172
965 71.1718
966 71.1715
967 71.1713
968 71.171
969 71.1708
970 71.1706
971 71.1704
972 71.1701
973 71.1699
974 71.1697
975 71.1695
976 71.1692
977 71.169
978 71.1688
979 71.1686
980 71.1684
981 71.1682
982 71.168
983 71.1678
984 71.1676
985 71.1674
986 71.1672
987 71.167
988 71.1668
989 71.1666
990 71.1664
991 71.1662
992 71.166
993 71.1658
994 71.1656
995 71.1654
996 71.1653
997 71.1651
998 71.1649
999 71.1647
1000 71.1645
1001 71.1644
1002 71.1642
1003 71.164
1004 71.1639
1005 71.1637
1006 71.1635
1007 71.1634
1008 71.1632
1009 71.163
1010 71.1629
1011 71.1627
1012 71.1625
1013 71.1624
1014 71.1622
1015 71.1621
1016 71.1619
1017 71.1618
1018 71.1616
1019 71.1615
1020 71.1613
1021 71.1612
1022 71.161
1023 71.1609
1024 71.1608
1025 71.1606
1026 71.1605
1027 71.1603
1028 71.1602
1029 71.1601
1030 71.1599
1031 71.1598
1032 71.1597
1033 71.1595
1034 71.1594
1035 71.1593
1036 71.1591
1037 71.159
1038 71.1589
1039 71.1588
1040 71.1586
1041 71.1585
1042 71.1584
1043 71.1583
1044 71.1582
1045 71.158
1046 71.1579
1047 71.1578
1048 71.1577
1049 71.1576
1050 71.1575
1051 71.1574
1052 71.1572
1053 71.1571
1054 71.157
1055 71.1569
1056 71.1568
1057 71.1567
1058 71.1566
1059 71.1565
1060 71.1564
1061 71.1563
1062 71.1562
1063 71.1561
1064 71.156
1065 71.1559
1066 71.1558
1067 71.1557
1068 71.1556
1069 71.1555
1070 71.1554
1071 71.1553
1072 71.1552
1073 71.1551
1074 71.155
1075 71.1549
1076 71.1549
1077 71.1548
1078 71.1547
1079 71.1546
1080 71.1545
1081 71.1544
1082 71.1543
1083 71.1543
1084 71.1542
1085 71.1541
1086 71.154
1087 71.1539
1088 71.1538
1089 71.1538
1090 71.1537
1091 71.1536
1092 71.1535
1093 71.1535
1094 71.1534
1095 71.1533
1096 71.1532
1097 71.1532
1098 71.1531
1099 71.153
1100 71.1529
1101 71.1529
1102 71.1528
1103 71.1527
1104 71.1527
1105 71.1526
1106 71.1525
1107 71.1525
1108 71.1524
1109 71.1523
1110 71.1523
1111 71.1522
1112 71.1521
1113 71.1521
1114 71.152
1115 71.1519
1116 71.1519
1117 71.1518
1118 71.1518
1119 71.1517
1120 71.1516
1121 71.1516
1122 71.1515
1123 71.1515
1124 71.1514
1125 71.1513
1126 71.1513
1127 71.1512
1128 71.1512
1129 71.1511
1130 71.1511
1131 71.151
1132 71.151
1133 71.1509
1134 71.1508
1135 71.1508
1136 71.1507
1137 71.1507
1138 71.1506
1139 71.1506
1140 71.1505
1141 71.1505
1142 71.1504
1143 71.1504
1144 71.1503
1145 71.1503
1146 71.1502
1147 71.1502
1148 71.1502
1149 71.1501
1150 71.1501
1151 71.15
1152 71.15
1153 71.1499
1154 71.1499
1155 71.1498
1156 71.1498
1157 71.1498
1158 71.1497
1159 71.1497
1160 71.1496
1161 71.1496
1162 71.1495
1163 71.1495
1164 71.1495
1165 71.1494
1166 71.1494
1167 71.1493
1168 71.1493
1169 71.1493
1170 71.1492
1171 71.1492
1172 71.1492
1173 71.1491
1174 71.1491
1175 71.149
1176 71.149
1177 71.149
1178 71.1489
1179 71.1489
1180 71.1489
1181 71.1488
1182 71.1488
1183 71.1488
1184 71.1487
1185 71.1487
1186 71.1487
1187 71.1486
1188 71.1486
1189 71.1486
1190 71.1485
1191 71.1485
1192 71.1485
1193 71.1484
1194 71.1484
1195 71.1484
1196 71.1484
1197 71.1483
1198 71.1483
1199 71.1483
1200 71.1482
1201 71.1482
1202 71.1482
1203 71.1482
1204 71.1481
1205 71.1481
1206 71.1481
1207 71.148
1208 71.148
1209 71.148
1210 71.148
1211 71.1479
1212 71.1479
1213 71.1479
1214 71.1479
1215 71.1478
1216 71.1478
1217 71.1478
1218 71.1478
1219 71.1477
1220 71.1477
1221 71.1477
1222 71.1477
1223 71.1476
1224 71.1476
1225 71.1476
1226 71.1476
1227 71.1476
1228 71.1475
1229 71.1475
1230 71.1475
1231 71.1475
1232 71.1474
1233 71.1474
1234 71.1474
1235 71.1474
1236 71.1474
1237 71.1473
1238 71.1473
1239 71.1473
1240 71.1473
1241 71.1473
1242 71.1472
1243 71.1472
1244 71.1472
1245 71.1472
1246 71.1472
1247 71.1471
1248 71.1471
1249 71.1471
1250 71.1471
1251 71.1471
1252 71.1471
1253 71.147
1254 71.147
1255 71.147
1256 71.147
1257 71.147
1258 71.147
1259 71.1469
1260 71.1469
1261 71.1469
1262 71.1469
1263 71.1469
1264 71.1469
1265 71.1468
1266 71.1468
1267 71.1468
1268 71.1468
1269 71.1468
1270 71.1468
1271 71.1467
1272 71.1467
1273 71.1467
1274 71.1467
1275 71.1467
1276 71.1467
1277 71.1467
1278 71.1466
1279 71.1466
1280 71.1466
1281 71.1466
1282 71.1466
1283 71.1466
1284 71.1466
1285 71.1466
1286 71.1465
1287 71.1465
1288 71.1465
1289 71.1465
1290 71.1465
1291 71.1465
1292 71.1465
1293 71.1465
1294 71.1464
1295 71.1464
1296 71.1464
1297 71.1464
1298 71.1464
1299 71.1464
1300 71.1464
1301 71.1464
1302 71.1464
1303 71.1463
1304 71.1463
1305 71.1463
1306 71.1463
1307 71.1463
1308 71.1463
1309 71.1463
1310 71.1463
1311 71.1463
1312 71.1462
1313 71.1462
1314 71.1462
1315 71.1462
1316 71.1462
1317 71.1462
1318 71.1462
1319 71.1462
1320 71.1462
1321 71.1462
1322 71.1462
1323 71.1461
1324 71.1461
1325 71.1461
1326 71.1461
1327 71.1461
1328 71.1461
1329 71.1461
1330 71.1461
1331 71.1461
1332 71.1461
1333 71.1461
1334 71.1461
1335 71.146
1336 71.146
1337 71.146
1338 71.146
1339 71.146
1340 71.146
1341 71.146
1342 71.146
1343 71.146
1344 71.146
1345 71.146
1346 71.146
1347 71.146
1348 71.1459
1349 71.1459
1350 71.1459
1351 71.1459
1352 71.1459
1353 71.1459
1354 71.1459
1355 71.1459
1356 71.1459
1357 71.1459
1358 71.1459
1359 71.1459
1360 71.1459
1361 71.1459
1362 71.1459
1363 71.1458
1364 71.1458
1365 71.1458
1366 71.1458
1367 71.1458
1368 71.1458
1369 71.1458
1370 71.1458
1371 71.1458
1372 71.1458
1373 71.1458
1374 71.1458
1375 71.1458
1376 71.1458
1377 71.1458
1378 71.1458
1379 71.1458
1380 71.1458
1381 71.1458
1382 71.1457
1383 71.1457
1384 71.1457
1385 71.1457
1386 71.1457
1387 71.1457
1388 71.1457
1389 71.1457
1390 71.1457
1391 71.1457
1392 71.1457
1393 71.1457
1394 71.1457
1395 71.1457
1396 71.1457
1397 71.1457
1398 71.1457
1399 71.1457
1400 71.1457
1401 71.1457
1402 71.1457
1403 71.1457
1404 71.1456
1405 71.1456
1406 71.1456
1407 71.1456
1408 71.1456
1409 71.1456
1410 71.1456
1411 71.1456
1412 71.1456
1413 71.1456
1414 71.1456
1415 71.1456
1416 71.1456
1417 71.1456
1418 71.1456
1419 71.1456
1420 71.1456
1421 71.1456
1422 71.1456
1423 71.1456
1424 71.1456
1425 71.1456
1426 71.1456
1427 71.1456
1428 71.1456
1429 71.1456
1430 71.1456
1431 71.1456
1432 71.1456
1433 71.1455
1434 71.1455
1435 71.1455
1436 71.1455
1437 71.1455
1438 71.1455
1439 71.1455
1440 71.1455
1441 71.1455
1442 71.1455
1443 71.1455
1444 71.1455
1445 71.1455
1446 71.1455
1447 71.1455
1448 71.1455
1449 71.1455
1450 71.1455
1451 71.1455
1452 71.1455
1453 71.1455
1454 71.1455
1455 71.1455
1456 71.1455
1457 71.1455
1458 71.1455
1459 71.1455
1460 71.1455
1461 71.1455
1462 71.1455
1463 71.1455
1464 71.1455
1465 71.1455
1466 71.1455
1467 71.1455
1468 71.1455
1469 71.1455
1470 71.1455
1471 71.1455
1472 71.1455
1473 71.1455
1474 71.1455
1475 71.1455
1476 71.1454
1477 71.1454
1478 71.1454
1479 71.1454
1480 71.1454
1481 71.1454
1482 71.1454
1483 71.1454
1484 71.1454
1485 71.1454
1486 71.1454
1487 71.1454
1488 71.1454
1489 71.1454
1490 71.1454
1491 71.1454
1492 71.1454
1493 71.1454
1494 71.1454
1495 71.1454
1496 71.1454
1497 71.1454
1498 71.1454
1499 71.1454
1500 71.1454
1501 71.1454
1502 71.1454
1503 71.1454
1504 71.1454
1505 71.1454
1506 71.1454
1507 71.1454
1508 71.1454
1509 71.1454
1510 71.1454
1511 71.1454
1512 71.1454
1513 71.1454
1514 71.1454
1515 71.1454
1516 71.1454
1517 71.1454
1518 71.1454
1519 71.1454
1520 71.1454
1521 71.1454
1522 71.1454
1523 71.1454
1524 71.1454
1525 71.1454
1526 71.1454
1527 71.1454
1528 71.1454
1529 71.1454
1530 71.1454
1531 71.1454
1532 71.1454
1533 71.1454
1534 71.1454
1535 71.1454
1536 71.1454
1537 71.1454
1538 71.1454
1539 71.1454
1540 71.1454
1541 71.1454
1542 71.1454
1543 71.1454
1544 71.1454
1545 71.1454
1546 71.1454
1547 71.1454
1548 71.1454
1549 71.1454
1550 71.1454
1551 71.1454
1552 71.1454
1553 71.1454
