1 459.108
2 391.065
3 351.717
4 323.491
5 301.556
6 283.783
7 268.971
8 256.372
9 245.479
10 235.936
11 227.484
12 219.927
13 213.116
14 206.934
15 201.287
16 196.103
17 191.319
18 186.886
19 182.761
20 178.912
21 175.306
22 171.92
23 168.731
24 165.721
25 162.874
26 160.174
27 157.61
28 155.17
29 152.845
30 150.626
31 148.505
32 146.474
33 144.528
34 142.661
35 140.868
36 139.143
37 137.484
38 135.885
39 134.343
40 132.855
41 131.418
42 130.03
43 128.686
44 127.387
45 126.128
46 124.908
47 123.725
48 122.578
49 121.464
50 120.382
51 119.331
52 118.31
53 117.317
54 116.35
55 115.41
56 114.494
57 113.603
58 112.734
59 111.887
60 111.061
61 110.256
62 109.471
63 108.705
64 107.957
65 107.226
66 106.513
67 105.817
68 105.136
69 104.471
70 103.822
71 103.186
72 102.565
73 101.958
74 101.364
75 100.783
76 100.214
77 99.6576
78 99.1131
79 98.5802
80 98.0585
81 97.5477
82 97.0476
83 96.5578
84 96.0781
85 95.6083
86 95.1481
87 94.6972
88 94.2555
89 93.8227
90 93.3985
91 92.9829
92 92.5755
93 92.1763
94 91.7849
95 91.4012
96 91.0251
97 90.6564
98 90.2949
99 89.9404
100 89.5928
101 89.2519
102 88.9177
103 88.5899
104 88.2684
105 87.953
106 87.6438
107 87.3404
108 87.0428
109 86.7509
110 86.4645
111 86.1836
112 85.908
113 85.6376
114 85.3723
115 85.1121
116 84.8567
117 84.6061
118 84.3602
119 84.119
120 83.8822
121 83.6499
122 83.4219
123 83.1982
124 82.9786
125 82.7631
126 82.5516
127 82.3441
128 82.1404
129 81.9405
130 81.7443
131 81.5517
132 81.3627
133 81.1771
134 80.995
135 80.8162
136 80.6408
137 80.4686
138 80.2995
139 80.1335
140 79.9706
141 79.8107
142 79.6537
143 79.4996
144 79.3483
145 79.1998
146 79.054
147 78.9109
148 78.7704
149 78.6324
150 78.497
151 78.364
152 78.2335
153 78.1053
154 77.9795
155 77.856
156 77.7347
157 77.6156
158 77.4987
159 77.3839
160 77.2712
161 77.1606
162 77.0519
163 76.9453
164 76.8405
165 76.7377
166 76.6368
167 76.5376
168 76.4403
169 76.3447
170 76.2509
171 76.1587
172 76.0682
173 75.9794
174 75.8922
175 75.8065
176 75.7224
177 75.6398
178 75.5588
179 75.4791
180 75.4009
181 75.3242
182 75.2488
183 75.1748
184 75.1021
185 75.0307
186 74.9606
187 74.8918
188 74.8242
189 74.7579
190 74.6927
191 74.6287
192 74.5659
193 74.5042
194 74.4436
195 74.3841
196 74.3257
197 74.2683
198 74.212
199 74.1567
200 74.1024
201 74.049
202 73.9967
203 73.9452
204 73.8947
205 73.8451
206 73.7964
207 73.7486
208 73.7016
209 73.6555
210 73.6102
211 73.5657
212 73.5221
213 73.4792
214 73.4371
215 73.3957
216 73.3551
217 73.3152
218 73.2761
219 73.2376
220 73.1998
221 73.1627
222 73.1263
223 73.0906
224 73.0554
225 73.021
226 72.9871
227 72.9538
228 72.9212
229 72.8891
230 72.8576
231 72.8267
232 72.7963
233 72.7665
234 72.7372
235 72.7085
236 72.6802
237 72.6525
238 72.6253
239 72.5985
240 72.5723
241 72.5465
242 72.5212
243 72.4963
244 72.4719
245 72.4479
246 72.4243
247 72.4012
248 72.3785
249 72.3562
250 72.3343
251 72.3128
252 72.2917
253 72.271
254 72.2506
255 72.2306
256 72.211
257 72.1917
258 72.1727
259 72.1542
260 72.1359
261 72.118
262 72.1004
263 72.0831
264 72.0661
265 72.0494
266 72.033
267 72.017
268 72.0012
269 71.9857
270 71.9705
271 71.9555
272 71.9408
273 71.9264
274 71.9123
275 71.8984
276 71.8847
277 71.8713
278 71.8581
279 71.8452
280 71.8325
281 71.8201
282 71.8078
283 71.7958
284 71.784
285 71.7724
286 71.761
287 71.7499
288 71.7389
289 71.7281
290 71.7175
291 71.7071
292 71.6969
293 71.6869
294 71.6771
295 71.6674
296 71.6579
297 71.6486
298 71.6395
299 71.6305
300 71.6217
301 71.613
302 71.6045
303 71.5962
304 71.588
305 71.5799
306 71.572
307 71.5643
308 71.5566
309 71.5491
310 71.5418
311 71.5346
312 71.5275
313 71.5205
314 71.5137
315 71.507
316 71.5004
317 71.4939
318 71.4876
319 71.4814
320 71.4752
321 71.4692
322 71.4633
323 71.4575
324 71.4518
325 71.4462
326 71.4407
327 71.4353
328 71.4301
329 71.4249
330 71.4198
331 71.4147
332 71.4098
333 71.405
334 71.4003
335 71.3956
336 71.391
337 71.3865
338 71.3821
339 71.3778
340 71.3735
341 71.3694
342 71.3653
343 71.3612
344 71.3573
345 71.3534
346 71.3496
347 71.3459
348 71.3422
349 71.3386
350 71.3351
351 71.3316
352 71.3282
353 71.3248
354 71.3215
355 71.3183
356 71.3151
357 71.312
358 71.3089
359 71.3059
360 71.303
361 71.3001
362 71.2973
363 71.2945
364 71.2917
365 71.289
366 71.2864
367 71.2838
368 71.2813
369 71.2788
370 71.2763
371 71.2739
372 71.2715
373 71.2692
374 71.2669
375 71.2647
376 71.2625
377 71.2603
378 71.2582
379 71.2561
380 71.2541
381 71.2521
382 71.2501
383 71.2482
384 71.2463
385 71.2444
386 71.2426
387 71.2408
388 71.239
389 71.2373
390 71.2356
391 71.2339
392 71.2323
393 71.2307
394 71.2291
395 71.2275
396 71.226
397 71.2245
398 71.2231
399 71.2216
400 71.2202
401 71.2188
402 71.2175
403 71.2161
404 71.2148
405 71.2135
406 71.2122
407 71.211
408 71.2098
409 71.2086
410 71.2074
411 71.2063
412 71.2051
413 71.204
414 71.2029
415 71.2018
416 71.2008
417 71.1998
418 71.1987
419 71.1977
420 71.1968
421 71.1958
422 71.1949
423 71.1939
424 71.193
425 71.1921
426 71.1913
427 71.1904
428 71.1896
429 71.1887
430 71.1879
431 71.1871
432 71.1863
433 71.1856
434 71.1848
435 71.1841
436 71.1833
437 71.1826
438 71.1819
439 71.1812
440 71.1806
441 71.1799
442 71.1793
443 71.1786
444 71.178
445 71.1774
446 71.1768
447 71.1762
448 71.1756
449 71.175
450 71.1745
451 71.1739
452 71.1734
453 71.1728
454 71.1723
455 71.1718
456 71.1713
457 71.1708
458 71.1703
459 71.1699
460 71.1694
461 71.1689
462 71.1685
463 71.168
464 71.1676
465 71.1672
466 71.1668
467 71.1664
468 71.166
469 71.1656
470 71.1652
471 71.1648
472 71.1644
473 71.1641
474 71.1637
475 71.1634
476 71.163
477 71.1627
478 71.1623
479 71.162
480 71.1617
481 71.1614
482 71.1611
483 71.1608
484 71.1605
485 71.1602
486 71.1599
487 71.1596
488 71.1593
489 71.1591
490 71.1588
491 71.1585
492 71.1583
493 71.158
494 71.1578
495 71.1575
496 71.1573
497 71.1571
498 71.1568
499 71.1566
500 71.1564
501 71.1562
502 71.156
503 71.1558
504 71.1556
505 71.1554
506 71.1552
507 71.155
508 71.1548
509 71.1546
510 71.1544
511 71.1542
512 71.1541
513 71.1539
514 71.1537
515 71.1536
516 71.1534
517 71.1532
518 71.1531
519 71.1529
520 71.1528
521 71.1526
522 71.1525
523 71.1523
524 71.1522
525 71.1521
526 71.1519
527 71.1518
528 71.1517
529 71.1515
530 71.1514
531 71.1513
532 71.1512
533 71.1511
534 71.1509
535 71.1508
536 71.1507
537 71.1506
538 71.1505
539 71.1504
540 71.1503
541 71.1502
542 71.1501
543 71.15
544 71.1499
545 71.1498
546 71.1497
547 71.1496
548 71.1495
549 71.1495
550 71.1494
551 71.1493
552 71.1492
553 71.1491
554 71.1491
555 71.149
556 71.1489
557 71.1488
558 71.1488
559 71.1487
560 71.1486
561 71.1485
562 71.1485
563 71.1484
564 71.1483
565 71.1483
566 71.1482
567 71.1482
568 71.1481
569 71.148
570 71.148
571 71.1479
572 71.1479
573 71.1478
574 71.1478
575 71.1477
576 71.1477
577 71.1476
578 71.1476
579 71.1475
580 71.1475
581 71.1474
582 71.1474
583 71.1473
584 71.1473
585 71.1472
586 71.1472
587 71.1472
588 71.1471
589 71.1471
590 71.147
591 71.147
592 71.147
593 71.1469
594 71.1469
595 71.1469
596 71.1468
597 71.1468
598 71.1468
599 71.1467
600 71.1467
601 71.1467
602 71.1466
603 71.1466
604 71.1466
605 71.1466
606 71.1465
607 71.1465
608 71.1465
609 71.1464
610 71.1464
611 71.1464
612 71.1464
613 71.1463
614 71.1463
615 71.1463
616 71.1463
617 71.1463
618 71.1462
619 71.1462
620 71.1462
621 71.1462
622 71.1461
623 71.1461
624 71.1461
625 71.1461
626 71.1461
627 71.1461
628 71.146
629 71.146
630 71.146
631 71.146
632 71.146
633 71.146
634 71.1459
635 71.1459
636 71.1459
637 71.1459
638 71.1459
639 71.1459
640 71.1459
641 71.1458
642 71.1458
643 71.1458
644 71.1458
645 71.1458
646 71.1458
647 71.1458
648 71.1458
649 71.1457
650 71.1457
651 71.1457
652 71.1457
653 71.1457
654 71.1457
655 71.1457
656 71.1457
657 71.1457
658 71.1456
659 71.1456
660 71.1456
661 71.1456
662 71.1456
663 71.1456
664 71.1456
665 71.1456
666 71.1456
667 71.1456
668 71.1456
669 71.1456
670 71.1456
671 71.1455
672 71.1455
673 71.1455
674 71.1455
675 71.1455
676 71.1455
677 71.1455
678 71.1455
679 71.1455
680 71.1455
681 71.1455
682 71.1455
683 71.1455
684 71.1455
685 71.1455
686 71.1455
687 71.1455
688 71.1454
689 71.1454
690 71.1454
691 71.1454
692 71.1454
693 71.1454
694 71.1454
695 71.1454
696 71.1454
697 71.1454
698 71.1454
699 71.1454
700 71.1454
701 71.1454
702 71.1454
703 71.1454
704 71.1454
705 71.1454
706 71.1454
707 71.1454
708 71.1454
709 71.1454
710 71.1454
711 71.1454
712 71.1454
713 71.1454
714 71.1454
715 71.1454
716 71.1454
717 71.1454
718 71.1454
719 71.1454
720 71.1453
721 71.1453
722 71.1453
723 71.1453
724 71.1453
725 71.1453
726 71.1453
727 71.1453
728 71.1453
729 71.1453
730 71.1453
731 71.1453
732 71.1453
733 71.1453
734 71.1453
735 71.1453
736 71.1453
737 71.1453
738 71.1453
739 71.1453
740 71.1453
741 71.1453
742 71.1453
743 71.1453
744 71.1453
745 71.1453
746 71.1453
747 71.1453
748 71.1453
749 71.1453
750 71.1453
751 71.1453
